{
 "cells": [
  {
   "cell_type": "markdown",
   "id": "b5e4f125",
   "metadata": {},
   "source": [
    "# Generar un archivo tipo Notebook de Python que contenga el código fuente de:\n",
    "\n",
    " * Leer archivo fifa_eda.csv  \n",
    "\n",
    " * Elemento 1: Obtener matriz de correlación y dejarla como heat map \n",
    "\n",
    " * Elemento 2: Gráfico de Correlación que responda – “Cuál es la relación entre la edad y el overall?” – explicar la salida \n",
    "\n",
    " * Elemento 3: Generar un gráfico de barras por club que indique el número de jugadores \n",
    "\n",
    " * Elemento 4: Hacer un gráfico multipanel que indique la relación altura (height) vs skill moves, siendo la variable del panel si es zurdo o derecho \n",
    "\n",
    " * Elemento 5: Un gráfico que crea importante para mostrar a los potenciales cracks"
   ]
  },
  {
   "cell_type": "code",
   "execution_count": 1,
   "id": "3ab0e5a6",
   "metadata": {},
   "outputs": [
    {
     "data": {
      "text/html": [
       "<div>\n",
       "<style scoped>\n",
       "    .dataframe tbody tr th:only-of-type {\n",
       "        vertical-align: middle;\n",
       "    }\n",
       "\n",
       "    .dataframe tbody tr th {\n",
       "        vertical-align: top;\n",
       "    }\n",
       "\n",
       "    .dataframe thead th {\n",
       "        text-align: right;\n",
       "    }\n",
       "</style>\n",
       "<table border=\"1\" class=\"dataframe\">\n",
       "  <thead>\n",
       "    <tr style=\"text-align: right;\">\n",
       "      <th></th>\n",
       "      <th>ID</th>\n",
       "      <th>Name</th>\n",
       "      <th>Age</th>\n",
       "      <th>Nationality</th>\n",
       "      <th>Overall</th>\n",
       "      <th>Potential</th>\n",
       "      <th>Club</th>\n",
       "      <th>Value</th>\n",
       "      <th>Wage</th>\n",
       "      <th>Preferred Foot</th>\n",
       "      <th>International Reputation</th>\n",
       "      <th>Skill Moves</th>\n",
       "      <th>Position</th>\n",
       "      <th>Joined</th>\n",
       "      <th>Contract Valid Until</th>\n",
       "      <th>Height</th>\n",
       "      <th>Weight</th>\n",
       "      <th>Release Clause</th>\n",
       "    </tr>\n",
       "  </thead>\n",
       "  <tbody>\n",
       "    <tr>\n",
       "      <th>0</th>\n",
       "      <td>158023</td>\n",
       "      <td>L. Messi</td>\n",
       "      <td>31</td>\n",
       "      <td>Argentina</td>\n",
       "      <td>94</td>\n",
       "      <td>94</td>\n",
       "      <td>FC Barcelona</td>\n",
       "      <td>110500.0</td>\n",
       "      <td>565.0</td>\n",
       "      <td>Left</td>\n",
       "      <td>5.0</td>\n",
       "      <td>4.0</td>\n",
       "      <td>RF</td>\n",
       "      <td>2004</td>\n",
       "      <td>2021-01-01</td>\n",
       "      <td>5.583333</td>\n",
       "      <td>159.0</td>\n",
       "      <td>226500.0</td>\n",
       "    </tr>\n",
       "    <tr>\n",
       "      <th>1</th>\n",
       "      <td>20801</td>\n",
       "      <td>Cristiano Ronaldo</td>\n",
       "      <td>33</td>\n",
       "      <td>Portugal</td>\n",
       "      <td>94</td>\n",
       "      <td>94</td>\n",
       "      <td>Juventus</td>\n",
       "      <td>77000.0</td>\n",
       "      <td>405.0</td>\n",
       "      <td>Right</td>\n",
       "      <td>5.0</td>\n",
       "      <td>5.0</td>\n",
       "      <td>ST</td>\n",
       "      <td>2018</td>\n",
       "      <td>2022-01-01</td>\n",
       "      <td>6.166667</td>\n",
       "      <td>183.0</td>\n",
       "      <td>127100.0</td>\n",
       "    </tr>\n",
       "    <tr>\n",
       "      <th>2</th>\n",
       "      <td>190871</td>\n",
       "      <td>Neymar Jr</td>\n",
       "      <td>26</td>\n",
       "      <td>Brazil</td>\n",
       "      <td>92</td>\n",
       "      <td>93</td>\n",
       "      <td>Paris Saint-Germain</td>\n",
       "      <td>118500.0</td>\n",
       "      <td>290.0</td>\n",
       "      <td>Right</td>\n",
       "      <td>5.0</td>\n",
       "      <td>5.0</td>\n",
       "      <td>LW</td>\n",
       "      <td>2017</td>\n",
       "      <td>2022-01-01</td>\n",
       "      <td>5.750000</td>\n",
       "      <td>150.0</td>\n",
       "      <td>228100.0</td>\n",
       "    </tr>\n",
       "    <tr>\n",
       "      <th>3</th>\n",
       "      <td>193080</td>\n",
       "      <td>De Gea</td>\n",
       "      <td>27</td>\n",
       "      <td>Spain</td>\n",
       "      <td>91</td>\n",
       "      <td>93</td>\n",
       "      <td>Manchester United</td>\n",
       "      <td>72000.0</td>\n",
       "      <td>260.0</td>\n",
       "      <td>Right</td>\n",
       "      <td>4.0</td>\n",
       "      <td>1.0</td>\n",
       "      <td>GK</td>\n",
       "      <td>2011</td>\n",
       "      <td>2020-01-01</td>\n",
       "      <td>6.333333</td>\n",
       "      <td>168.0</td>\n",
       "      <td>138600.0</td>\n",
       "    </tr>\n",
       "    <tr>\n",
       "      <th>4</th>\n",
       "      <td>192985</td>\n",
       "      <td>K. De Bruyne</td>\n",
       "      <td>27</td>\n",
       "      <td>Belgium</td>\n",
       "      <td>91</td>\n",
       "      <td>92</td>\n",
       "      <td>Manchester City</td>\n",
       "      <td>102000.0</td>\n",
       "      <td>355.0</td>\n",
       "      <td>Right</td>\n",
       "      <td>4.0</td>\n",
       "      <td>4.0</td>\n",
       "      <td>RCM</td>\n",
       "      <td>2015</td>\n",
       "      <td>2023-01-01</td>\n",
       "      <td>5.916667</td>\n",
       "      <td>154.0</td>\n",
       "      <td>196400.0</td>\n",
       "    </tr>\n",
       "  </tbody>\n",
       "</table>\n",
       "</div>"
      ],
      "text/plain": [
       "       ID               Name  Age Nationality  Overall  Potential  \\\n",
       "0  158023           L. Messi   31   Argentina       94         94   \n",
       "1   20801  Cristiano Ronaldo   33    Portugal       94         94   \n",
       "2  190871          Neymar Jr   26      Brazil       92         93   \n",
       "3  193080             De Gea   27       Spain       91         93   \n",
       "4  192985       K. De Bruyne   27     Belgium       91         92   \n",
       "\n",
       "                  Club     Value   Wage Preferred Foot  \\\n",
       "0         FC Barcelona  110500.0  565.0           Left   \n",
       "1             Juventus   77000.0  405.0          Right   \n",
       "2  Paris Saint-Germain  118500.0  290.0          Right   \n",
       "3    Manchester United   72000.0  260.0          Right   \n",
       "4      Manchester City  102000.0  355.0          Right   \n",
       "\n",
       "   International Reputation  Skill Moves Position  Joined  \\\n",
       "0                       5.0          4.0       RF    2004   \n",
       "1                       5.0          5.0       ST    2018   \n",
       "2                       5.0          5.0       LW    2017   \n",
       "3                       4.0          1.0       GK    2011   \n",
       "4                       4.0          4.0      RCM    2015   \n",
       "\n",
       "  Contract Valid Until    Height  Weight  Release Clause  \n",
       "0           2021-01-01  5.583333   159.0        226500.0  \n",
       "1           2022-01-01  6.166667   183.0        127100.0  \n",
       "2           2022-01-01  5.750000   150.0        228100.0  \n",
       "3           2020-01-01  6.333333   168.0        138600.0  \n",
       "4           2023-01-01  5.916667   154.0        196400.0  "
      ]
     },
     "execution_count": 1,
     "metadata": {},
     "output_type": "execute_result"
    }
   ],
   "source": [
    "# Lectura del archivo \n",
    "import pandas as pd\n",
    "df = pd.read_csv('fifa_eda.csv')\n",
    "df.head(5)"
   ]
  },
  {
   "cell_type": "code",
   "execution_count": 7,
   "id": "4fcde44f",
   "metadata": {},
   "outputs": [],
   "source": [
    "# Elemento 1: Obtener la matriz de correlacion y dejarla como heatmap\n",
    "#df.info()\n",
    "# Como me marcar error al momento de usar la funcion CORR, solo tomo en cuenta loa valores numericos\n",
    "import plotly.express as px\n",
    "df_numericos = df.select_dtypes(include=['int64', 'float64'])\n",
    "matriz_correlacion = df_numericos.corr()"
   ]
  },
  {
   "cell_type": "code",
   "execution_count": 5,
   "id": "b4e67204",
   "metadata": {},
   "outputs": [
    {
     "data": {
      "text/html": [
       "<div>\n",
       "<style scoped>\n",
       "    .dataframe tbody tr th:only-of-type {\n",
       "        vertical-align: middle;\n",
       "    }\n",
       "\n",
       "    .dataframe tbody tr th {\n",
       "        vertical-align: top;\n",
       "    }\n",
       "\n",
       "    .dataframe thead th {\n",
       "        text-align: right;\n",
       "    }\n",
       "</style>\n",
       "<table border=\"1\" class=\"dataframe\">\n",
       "  <thead>\n",
       "    <tr style=\"text-align: right;\">\n",
       "      <th></th>\n",
       "      <th>ID</th>\n",
       "      <th>Age</th>\n",
       "      <th>Overall</th>\n",
       "      <th>Potential</th>\n",
       "      <th>Value</th>\n",
       "      <th>Wage</th>\n",
       "      <th>International Reputation</th>\n",
       "      <th>Skill Moves</th>\n",
       "      <th>Joined</th>\n",
       "      <th>Height</th>\n",
       "      <th>Weight</th>\n",
       "      <th>Release Clause</th>\n",
       "    </tr>\n",
       "  </thead>\n",
       "  <tbody>\n",
       "    <tr>\n",
       "      <th>ID</th>\n",
       "      <td>1.000000</td>\n",
       "      <td>-0.739208</td>\n",
       "      <td>-0.417025</td>\n",
       "      <td>0.047074</td>\n",
       "      <td>-0.139837</td>\n",
       "      <td>-0.204610</td>\n",
       "      <td>-0.356191</td>\n",
       "      <td>-0.056914</td>\n",
       "      <td>0.206749</td>\n",
       "      <td>-0.090090</td>\n",
       "      <td>-0.191193</td>\n",
       "      <td>-0.121297</td>\n",
       "    </tr>\n",
       "    <tr>\n",
       "      <th>Age</th>\n",
       "      <td>-0.739208</td>\n",
       "      <td>1.000000</td>\n",
       "      <td>0.452350</td>\n",
       "      <td>-0.253312</td>\n",
       "      <td>0.078315</td>\n",
       "      <td>0.141145</td>\n",
       "      <td>0.253765</td>\n",
       "      <td>0.027649</td>\n",
       "      <td>-0.202658</td>\n",
       "      <td>0.082506</td>\n",
       "      <td>0.229940</td>\n",
       "      <td>0.058672</td>\n",
       "    </tr>\n",
       "    <tr>\n",
       "      <th>Overall</th>\n",
       "      <td>-0.417025</td>\n",
       "      <td>0.452350</td>\n",
       "      <td>1.000000</td>\n",
       "      <td>0.660939</td>\n",
       "      <td>0.631848</td>\n",
       "      <td>0.571926</td>\n",
       "      <td>0.499491</td>\n",
       "      <td>0.414463</td>\n",
       "      <td>-0.169281</td>\n",
       "      <td>0.038527</td>\n",
       "      <td>0.154557</td>\n",
       "      <td>0.597821</td>\n",
       "    </tr>\n",
       "    <tr>\n",
       "      <th>Potential</th>\n",
       "      <td>0.047074</td>\n",
       "      <td>-0.253312</td>\n",
       "      <td>0.660939</td>\n",
       "      <td>1.000000</td>\n",
       "      <td>0.579608</td>\n",
       "      <td>0.486413</td>\n",
       "      <td>0.372993</td>\n",
       "      <td>0.354290</td>\n",
       "      <td>-0.047661</td>\n",
       "      <td>-0.009791</td>\n",
       "      <td>-0.006935</td>\n",
       "      <td>0.562346</td>\n",
       "    </tr>\n",
       "    <tr>\n",
       "      <th>Value</th>\n",
       "      <td>-0.139837</td>\n",
       "      <td>0.078315</td>\n",
       "      <td>0.631848</td>\n",
       "      <td>0.579608</td>\n",
       "      <td>1.000000</td>\n",
       "      <td>0.858086</td>\n",
       "      <td>0.656158</td>\n",
       "      <td>0.317246</td>\n",
       "      <td>-0.115991</td>\n",
       "      <td>0.002827</td>\n",
       "      <td>0.046702</td>\n",
       "      <td>0.973310</td>\n",
       "    </tr>\n",
       "    <tr>\n",
       "      <th>Wage</th>\n",
       "      <td>-0.204610</td>\n",
       "      <td>0.141145</td>\n",
       "      <td>0.571926</td>\n",
       "      <td>0.486413</td>\n",
       "      <td>0.858086</td>\n",
       "      <td>1.000000</td>\n",
       "      <td>0.668635</td>\n",
       "      <td>0.263205</td>\n",
       "      <td>-0.142337</td>\n",
       "      <td>0.019638</td>\n",
       "      <td>0.064764</td>\n",
       "      <td>0.828161</td>\n",
       "    </tr>\n",
       "    <tr>\n",
       "      <th>International Reputation</th>\n",
       "      <td>-0.356191</td>\n",
       "      <td>0.253765</td>\n",
       "      <td>0.499491</td>\n",
       "      <td>0.372993</td>\n",
       "      <td>0.656158</td>\n",
       "      <td>0.668635</td>\n",
       "      <td>1.000000</td>\n",
       "      <td>0.208153</td>\n",
       "      <td>-0.133009</td>\n",
       "      <td>0.034881</td>\n",
       "      <td>0.088340</td>\n",
       "      <td>0.620863</td>\n",
       "    </tr>\n",
       "    <tr>\n",
       "      <th>Skill Moves</th>\n",
       "      <td>-0.056914</td>\n",
       "      <td>0.027649</td>\n",
       "      <td>0.414463</td>\n",
       "      <td>0.354290</td>\n",
       "      <td>0.317246</td>\n",
       "      <td>0.263205</td>\n",
       "      <td>0.208153</td>\n",
       "      <td>1.000000</td>\n",
       "      <td>0.020692</td>\n",
       "      <td>-0.422753</td>\n",
       "      <td>-0.351209</td>\n",
       "      <td>0.297471</td>\n",
       "    </tr>\n",
       "    <tr>\n",
       "      <th>Joined</th>\n",
       "      <td>0.206749</td>\n",
       "      <td>-0.202658</td>\n",
       "      <td>-0.169281</td>\n",
       "      <td>-0.047661</td>\n",
       "      <td>-0.115991</td>\n",
       "      <td>-0.142337</td>\n",
       "      <td>-0.133009</td>\n",
       "      <td>0.020692</td>\n",
       "      <td>1.000000</td>\n",
       "      <td>0.001188</td>\n",
       "      <td>-0.028274</td>\n",
       "      <td>-0.115374</td>\n",
       "    </tr>\n",
       "    <tr>\n",
       "      <th>Height</th>\n",
       "      <td>-0.090090</td>\n",
       "      <td>0.082506</td>\n",
       "      <td>0.038527</td>\n",
       "      <td>-0.009791</td>\n",
       "      <td>0.002827</td>\n",
       "      <td>0.019638</td>\n",
       "      <td>0.034881</td>\n",
       "      <td>-0.422753</td>\n",
       "      <td>0.001188</td>\n",
       "      <td>1.000000</td>\n",
       "      <td>0.754678</td>\n",
       "      <td>0.001835</td>\n",
       "    </tr>\n",
       "    <tr>\n",
       "      <th>Weight</th>\n",
       "      <td>-0.191193</td>\n",
       "      <td>0.229940</td>\n",
       "      <td>0.154557</td>\n",
       "      <td>-0.006935</td>\n",
       "      <td>0.046702</td>\n",
       "      <td>0.064764</td>\n",
       "      <td>0.088340</td>\n",
       "      <td>-0.351209</td>\n",
       "      <td>-0.028274</td>\n",
       "      <td>0.754678</td>\n",
       "      <td>1.000000</td>\n",
       "      <td>0.038103</td>\n",
       "    </tr>\n",
       "    <tr>\n",
       "      <th>Release Clause</th>\n",
       "      <td>-0.121297</td>\n",
       "      <td>0.058672</td>\n",
       "      <td>0.597821</td>\n",
       "      <td>0.562346</td>\n",
       "      <td>0.973310</td>\n",
       "      <td>0.828161</td>\n",
       "      <td>0.620863</td>\n",
       "      <td>0.297471</td>\n",
       "      <td>-0.115374</td>\n",
       "      <td>0.001835</td>\n",
       "      <td>0.038103</td>\n",
       "      <td>1.000000</td>\n",
       "    </tr>\n",
       "  </tbody>\n",
       "</table>\n",
       "</div>"
      ],
      "text/plain": [
       "                                ID       Age   Overall  Potential     Value  \\\n",
       "ID                        1.000000 -0.739208 -0.417025   0.047074 -0.139837   \n",
       "Age                      -0.739208  1.000000  0.452350  -0.253312  0.078315   \n",
       "Overall                  -0.417025  0.452350  1.000000   0.660939  0.631848   \n",
       "Potential                 0.047074 -0.253312  0.660939   1.000000  0.579608   \n",
       "Value                    -0.139837  0.078315  0.631848   0.579608  1.000000   \n",
       "Wage                     -0.204610  0.141145  0.571926   0.486413  0.858086   \n",
       "International Reputation -0.356191  0.253765  0.499491   0.372993  0.656158   \n",
       "Skill Moves              -0.056914  0.027649  0.414463   0.354290  0.317246   \n",
       "Joined                    0.206749 -0.202658 -0.169281  -0.047661 -0.115991   \n",
       "Height                   -0.090090  0.082506  0.038527  -0.009791  0.002827   \n",
       "Weight                   -0.191193  0.229940  0.154557  -0.006935  0.046702   \n",
       "Release Clause           -0.121297  0.058672  0.597821   0.562346  0.973310   \n",
       "\n",
       "                              Wage  International Reputation  Skill Moves  \\\n",
       "ID                       -0.204610                 -0.356191    -0.056914   \n",
       "Age                       0.141145                  0.253765     0.027649   \n",
       "Overall                   0.571926                  0.499491     0.414463   \n",
       "Potential                 0.486413                  0.372993     0.354290   \n",
       "Value                     0.858086                  0.656158     0.317246   \n",
       "Wage                      1.000000                  0.668635     0.263205   \n",
       "International Reputation  0.668635                  1.000000     0.208153   \n",
       "Skill Moves               0.263205                  0.208153     1.000000   \n",
       "Joined                   -0.142337                 -0.133009     0.020692   \n",
       "Height                    0.019638                  0.034881    -0.422753   \n",
       "Weight                    0.064764                  0.088340    -0.351209   \n",
       "Release Clause            0.828161                  0.620863     0.297471   \n",
       "\n",
       "                            Joined    Height    Weight  Release Clause  \n",
       "ID                        0.206749 -0.090090 -0.191193       -0.121297  \n",
       "Age                      -0.202658  0.082506  0.229940        0.058672  \n",
       "Overall                  -0.169281  0.038527  0.154557        0.597821  \n",
       "Potential                -0.047661 -0.009791 -0.006935        0.562346  \n",
       "Value                    -0.115991  0.002827  0.046702        0.973310  \n",
       "Wage                     -0.142337  0.019638  0.064764        0.828161  \n",
       "International Reputation -0.133009  0.034881  0.088340        0.620863  \n",
       "Skill Moves               0.020692 -0.422753 -0.351209        0.297471  \n",
       "Joined                    1.000000  0.001188 -0.028274       -0.115374  \n",
       "Height                    0.001188  1.000000  0.754678        0.001835  \n",
       "Weight                   -0.028274  0.754678  1.000000        0.038103  \n",
       "Release Clause           -0.115374  0.001835  0.038103        1.000000  "
      ]
     },
     "execution_count": 5,
     "metadata": {},
     "output_type": "execute_result"
    }
   ],
   "source": [
    "#Muestro el resultado de la matiz\n",
    "matriz_correlacion"
   ]
  },
  {
   "cell_type": "code",
   "execution_count": 10,
   "id": "fe29f03f",
   "metadata": {},
   "outputs": [
    {
     "data": {
      "application/vnd.plotly.v1+json": {
       "config": {
        "plotlyServerURL": "https://plot.ly"
       },
       "data": [
        {
         "coloraxis": "coloraxis",
         "hovertemplate": "x: %{x}<br>y: %{y}<br>color: %{z}<extra></extra>",
         "name": "0",
         "type": "heatmap",
         "x": [
          "ID",
          "Age",
          "Overall",
          "Potential",
          "Value",
          "Wage",
          "International Reputation",
          "Skill Moves",
          "Joined",
          "Height",
          "Weight",
          "Release Clause"
         ],
         "xaxis": "x",
         "y": [
          "ID",
          "Age",
          "Overall",
          "Potential",
          "Value",
          "Wage",
          "International Reputation",
          "Skill Moves",
          "Joined",
          "Height",
          "Weight",
          "Release Clause"
         ],
         "yaxis": "y",
         "z": [
          [
           1,
           -0.7392081885153141,
           -0.4170249506173243,
           0.047074237036171626,
           -0.139837211834307,
           -0.20461017144321494,
           -0.35619100951806215,
           -0.056913980313886135,
           0.20674938664958997,
           -0.09008955152669698,
           -0.1911926088942541,
           -0.12129722216349277
          ],
          [
           -0.7392081885153141,
           1,
           0.45234952145633345,
           -0.25331210741097177,
           0.07831456410597097,
           0.14114503108397372,
           0.25376524523720784,
           0.02764882682873969,
           -0.20265801727092184,
           0.08250611758789637,
           0.2299399958202655,
           0.058672072739603495
          ],
          [
           -0.4170249506173243,
           0.45234952145633345,
           1,
           0.6609385409937739,
           0.6318477413577581,
           0.5719260112876119,
           0.4994911571283042,
           0.41446323510268385,
           -0.16928054449240743,
           0.03852727374437707,
           0.154557312556193,
           0.5978213600711941
          ],
          [
           0.047074237036171626,
           -0.25331210741097177,
           0.6609385409937739,
           1,
           0.579607675899885,
           0.4864131740517056,
           0.3729926999048472,
           0.35429008003536,
           -0.04766076723314547,
           -0.009790742181972865,
           -0.006935283203133863,
           0.5623455099315674
          ],
          [
           -0.139837211834307,
           0.07831456410597097,
           0.6318477413577581,
           0.579607675899885,
           1,
           0.8580862371713892,
           0.6561584940744872,
           0.31724577042799934,
           -0.1159912909366561,
           0.002826938058260512,
           0.04670159222329296,
           0.9733101087804972
          ],
          [
           -0.20461017144321494,
           0.14114503108397372,
           0.5719260112876119,
           0.4864131740517056,
           0.8580862371713892,
           1,
           0.668634635300607,
           0.2632050447291856,
           -0.14233675520889755,
           0.019637958132316686,
           0.06476442083187048,
           0.8281609026616102
          ],
          [
           -0.35619100951806215,
           0.25376524523720784,
           0.4994911571283042,
           0.3729926999048472,
           0.6561584940744872,
           0.668634635300607,
           1,
           0.20815268522149813,
           -0.13300938328318682,
           0.034880716798680315,
           0.08834040302755708,
           0.620862646293249
          ],
          [
           -0.056913980313886135,
           0.02764882682873969,
           0.41446323510268385,
           0.35429008003536,
           0.31724577042799934,
           0.2632050447291856,
           0.20815268522149813,
           1,
           0.02069151178701043,
           -0.4227530419632704,
           -0.35120931158078106,
           0.2974708053902865
          ],
          [
           0.20674938664958997,
           -0.20265801727092184,
           -0.16928054449240743,
           -0.04766076723314547,
           -0.1159912909366561,
           -0.14233675520889755,
           -0.13300938328318682,
           0.02069151178701043,
           1,
           0.0011881425125421278,
           -0.028273911233169854,
           -0.11537418118928763
          ],
          [
           -0.09008955152669698,
           0.08250611758789637,
           0.03852727374437707,
           -0.009790742181972865,
           0.002826938058260512,
           0.019637958132316686,
           0.034880716798680315,
           -0.4227530419632704,
           0.0011881425125421278,
           1,
           0.7546782163284768,
           0.0018347431427932221
          ],
          [
           -0.1911926088942541,
           0.2299399958202655,
           0.154557312556193,
           -0.006935283203133863,
           0.04670159222329296,
           0.06476442083187048,
           0.08834040302755708,
           -0.35120931158078106,
           -0.028273911233169854,
           0.7546782163284768,
           1,
           0.03810335932487516
          ],
          [
           -0.12129722216349277,
           0.058672072739603495,
           0.5978213600711941,
           0.5623455099315674,
           0.9733101087804972,
           0.8281609026616102,
           0.620862646293249,
           0.2974708053902865,
           -0.11537418118928763,
           0.0018347431427932221,
           0.03810335932487516,
           1
          ]
         ]
        }
       ],
       "layout": {
        "coloraxis": {
         "colorscale": [
          [
           0,
           "rgb(103,0,31)"
          ],
          [
           0.1,
           "rgb(178,24,43)"
          ],
          [
           0.2,
           "rgb(214,96,77)"
          ],
          [
           0.3,
           "rgb(244,165,130)"
          ],
          [
           0.4,
           "rgb(253,219,199)"
          ],
          [
           0.5,
           "rgb(247,247,247)"
          ],
          [
           0.6,
           "rgb(209,229,240)"
          ],
          [
           0.7,
           "rgb(146,197,222)"
          ],
          [
           0.8,
           "rgb(67,147,195)"
          ],
          [
           0.9,
           "rgb(33,102,172)"
          ],
          [
           1,
           "rgb(5,48,97)"
          ]
         ]
        },
        "template": {
         "data": {
          "bar": [
           {
            "error_x": {
             "color": "#2a3f5f"
            },
            "error_y": {
             "color": "#2a3f5f"
            },
            "marker": {
             "line": {
              "color": "#E5ECF6",
              "width": 0.5
             },
             "pattern": {
              "fillmode": "overlay",
              "size": 10,
              "solidity": 0.2
             }
            },
            "type": "bar"
           }
          ],
          "barpolar": [
           {
            "marker": {
             "line": {
              "color": "#E5ECF6",
              "width": 0.5
             },
             "pattern": {
              "fillmode": "overlay",
              "size": 10,
              "solidity": 0.2
             }
            },
            "type": "barpolar"
           }
          ],
          "carpet": [
           {
            "aaxis": {
             "endlinecolor": "#2a3f5f",
             "gridcolor": "white",
             "linecolor": "white",
             "minorgridcolor": "white",
             "startlinecolor": "#2a3f5f"
            },
            "baxis": {
             "endlinecolor": "#2a3f5f",
             "gridcolor": "white",
             "linecolor": "white",
             "minorgridcolor": "white",
             "startlinecolor": "#2a3f5f"
            },
            "type": "carpet"
           }
          ],
          "choropleth": [
           {
            "colorbar": {
             "outlinewidth": 0,
             "ticks": ""
            },
            "type": "choropleth"
           }
          ],
          "contour": [
           {
            "colorbar": {
             "outlinewidth": 0,
             "ticks": ""
            },
            "colorscale": [
             [
              0,
              "#0d0887"
             ],
             [
              0.1111111111111111,
              "#46039f"
             ],
             [
              0.2222222222222222,
              "#7201a8"
             ],
             [
              0.3333333333333333,
              "#9c179e"
             ],
             [
              0.4444444444444444,
              "#bd3786"
             ],
             [
              0.5555555555555556,
              "#d8576b"
             ],
             [
              0.6666666666666666,
              "#ed7953"
             ],
             [
              0.7777777777777778,
              "#fb9f3a"
             ],
             [
              0.8888888888888888,
              "#fdca26"
             ],
             [
              1,
              "#f0f921"
             ]
            ],
            "type": "contour"
           }
          ],
          "contourcarpet": [
           {
            "colorbar": {
             "outlinewidth": 0,
             "ticks": ""
            },
            "type": "contourcarpet"
           }
          ],
          "heatmap": [
           {
            "colorbar": {
             "outlinewidth": 0,
             "ticks": ""
            },
            "colorscale": [
             [
              0,
              "#0d0887"
             ],
             [
              0.1111111111111111,
              "#46039f"
             ],
             [
              0.2222222222222222,
              "#7201a8"
             ],
             [
              0.3333333333333333,
              "#9c179e"
             ],
             [
              0.4444444444444444,
              "#bd3786"
             ],
             [
              0.5555555555555556,
              "#d8576b"
             ],
             [
              0.6666666666666666,
              "#ed7953"
             ],
             [
              0.7777777777777778,
              "#fb9f3a"
             ],
             [
              0.8888888888888888,
              "#fdca26"
             ],
             [
              1,
              "#f0f921"
             ]
            ],
            "type": "heatmap"
           }
          ],
          "heatmapgl": [
           {
            "colorbar": {
             "outlinewidth": 0,
             "ticks": ""
            },
            "colorscale": [
             [
              0,
              "#0d0887"
             ],
             [
              0.1111111111111111,
              "#46039f"
             ],
             [
              0.2222222222222222,
              "#7201a8"
             ],
             [
              0.3333333333333333,
              "#9c179e"
             ],
             [
              0.4444444444444444,
              "#bd3786"
             ],
             [
              0.5555555555555556,
              "#d8576b"
             ],
             [
              0.6666666666666666,
              "#ed7953"
             ],
             [
              0.7777777777777778,
              "#fb9f3a"
             ],
             [
              0.8888888888888888,
              "#fdca26"
             ],
             [
              1,
              "#f0f921"
             ]
            ],
            "type": "heatmapgl"
           }
          ],
          "histogram": [
           {
            "marker": {
             "pattern": {
              "fillmode": "overlay",
              "size": 10,
              "solidity": 0.2
             }
            },
            "type": "histogram"
           }
          ],
          "histogram2d": [
           {
            "colorbar": {
             "outlinewidth": 0,
             "ticks": ""
            },
            "colorscale": [
             [
              0,
              "#0d0887"
             ],
             [
              0.1111111111111111,
              "#46039f"
             ],
             [
              0.2222222222222222,
              "#7201a8"
             ],
             [
              0.3333333333333333,
              "#9c179e"
             ],
             [
              0.4444444444444444,
              "#bd3786"
             ],
             [
              0.5555555555555556,
              "#d8576b"
             ],
             [
              0.6666666666666666,
              "#ed7953"
             ],
             [
              0.7777777777777778,
              "#fb9f3a"
             ],
             [
              0.8888888888888888,
              "#fdca26"
             ],
             [
              1,
              "#f0f921"
             ]
            ],
            "type": "histogram2d"
           }
          ],
          "histogram2dcontour": [
           {
            "colorbar": {
             "outlinewidth": 0,
             "ticks": ""
            },
            "colorscale": [
             [
              0,
              "#0d0887"
             ],
             [
              0.1111111111111111,
              "#46039f"
             ],
             [
              0.2222222222222222,
              "#7201a8"
             ],
             [
              0.3333333333333333,
              "#9c179e"
             ],
             [
              0.4444444444444444,
              "#bd3786"
             ],
             [
              0.5555555555555556,
              "#d8576b"
             ],
             [
              0.6666666666666666,
              "#ed7953"
             ],
             [
              0.7777777777777778,
              "#fb9f3a"
             ],
             [
              0.8888888888888888,
              "#fdca26"
             ],
             [
              1,
              "#f0f921"
             ]
            ],
            "type": "histogram2dcontour"
           }
          ],
          "mesh3d": [
           {
            "colorbar": {
             "outlinewidth": 0,
             "ticks": ""
            },
            "type": "mesh3d"
           }
          ],
          "parcoords": [
           {
            "line": {
             "colorbar": {
              "outlinewidth": 0,
              "ticks": ""
             }
            },
            "type": "parcoords"
           }
          ],
          "pie": [
           {
            "automargin": true,
            "type": "pie"
           }
          ],
          "scatter": [
           {
            "fillpattern": {
             "fillmode": "overlay",
             "size": 10,
             "solidity": 0.2
            },
            "type": "scatter"
           }
          ],
          "scatter3d": [
           {
            "line": {
             "colorbar": {
              "outlinewidth": 0,
              "ticks": ""
             }
            },
            "marker": {
             "colorbar": {
              "outlinewidth": 0,
              "ticks": ""
             }
            },
            "type": "scatter3d"
           }
          ],
          "scattercarpet": [
           {
            "marker": {
             "colorbar": {
              "outlinewidth": 0,
              "ticks": ""
             }
            },
            "type": "scattercarpet"
           }
          ],
          "scattergeo": [
           {
            "marker": {
             "colorbar": {
              "outlinewidth": 0,
              "ticks": ""
             }
            },
            "type": "scattergeo"
           }
          ],
          "scattergl": [
           {
            "marker": {
             "colorbar": {
              "outlinewidth": 0,
              "ticks": ""
             }
            },
            "type": "scattergl"
           }
          ],
          "scattermapbox": [
           {
            "marker": {
             "colorbar": {
              "outlinewidth": 0,
              "ticks": ""
             }
            },
            "type": "scattermapbox"
           }
          ],
          "scatterpolar": [
           {
            "marker": {
             "colorbar": {
              "outlinewidth": 0,
              "ticks": ""
             }
            },
            "type": "scatterpolar"
           }
          ],
          "scatterpolargl": [
           {
            "marker": {
             "colorbar": {
              "outlinewidth": 0,
              "ticks": ""
             }
            },
            "type": "scatterpolargl"
           }
          ],
          "scatterternary": [
           {
            "marker": {
             "colorbar": {
              "outlinewidth": 0,
              "ticks": ""
             }
            },
            "type": "scatterternary"
           }
          ],
          "surface": [
           {
            "colorbar": {
             "outlinewidth": 0,
             "ticks": ""
            },
            "colorscale": [
             [
              0,
              "#0d0887"
             ],
             [
              0.1111111111111111,
              "#46039f"
             ],
             [
              0.2222222222222222,
              "#7201a8"
             ],
             [
              0.3333333333333333,
              "#9c179e"
             ],
             [
              0.4444444444444444,
              "#bd3786"
             ],
             [
              0.5555555555555556,
              "#d8576b"
             ],
             [
              0.6666666666666666,
              "#ed7953"
             ],
             [
              0.7777777777777778,
              "#fb9f3a"
             ],
             [
              0.8888888888888888,
              "#fdca26"
             ],
             [
              1,
              "#f0f921"
             ]
            ],
            "type": "surface"
           }
          ],
          "table": [
           {
            "cells": {
             "fill": {
              "color": "#EBF0F8"
             },
             "line": {
              "color": "white"
             }
            },
            "header": {
             "fill": {
              "color": "#C8D4E3"
             },
             "line": {
              "color": "white"
             }
            },
            "type": "table"
           }
          ]
         },
         "layout": {
          "annotationdefaults": {
           "arrowcolor": "#2a3f5f",
           "arrowhead": 0,
           "arrowwidth": 1
          },
          "autotypenumbers": "strict",
          "coloraxis": {
           "colorbar": {
            "outlinewidth": 0,
            "ticks": ""
           }
          },
          "colorscale": {
           "diverging": [
            [
             0,
             "#8e0152"
            ],
            [
             0.1,
             "#c51b7d"
            ],
            [
             0.2,
             "#de77ae"
            ],
            [
             0.3,
             "#f1b6da"
            ],
            [
             0.4,
             "#fde0ef"
            ],
            [
             0.5,
             "#f7f7f7"
            ],
            [
             0.6,
             "#e6f5d0"
            ],
            [
             0.7,
             "#b8e186"
            ],
            [
             0.8,
             "#7fbc41"
            ],
            [
             0.9,
             "#4d9221"
            ],
            [
             1,
             "#276419"
            ]
           ],
           "sequential": [
            [
             0,
             "#0d0887"
            ],
            [
             0.1111111111111111,
             "#46039f"
            ],
            [
             0.2222222222222222,
             "#7201a8"
            ],
            [
             0.3333333333333333,
             "#9c179e"
            ],
            [
             0.4444444444444444,
             "#bd3786"
            ],
            [
             0.5555555555555556,
             "#d8576b"
            ],
            [
             0.6666666666666666,
             "#ed7953"
            ],
            [
             0.7777777777777778,
             "#fb9f3a"
            ],
            [
